accuracy: 0.6496855345911949
precision: 0.4297555576975766
recall: 0.386790959256834
f1_score: 0.38400303059317936
roc_auc: 0.8630852525275537
